127,75420011214152807113552228368396734427276146468061130018888862868047700604981922462567062010741045445539174726861026801225357777982542893946486949036796878567735379273657928691325140513410092021916712671050135567703574515310791271884674139560949883117632694925745078378278922423305844263960017433522510626053
127,41981490833472101415238921617691256625529168988597499080735826240150811640929811361735052559830443487877318849455066997605511051034536145737349835822562091347326280820333100296736828678762355250495508174390084934777851684284544513258288559722740032304345521493975849554171408433974105586794034097317966118340
127,82725190723961776341153985520759069226678608579596644288198184227597388951971425438376893148589055772131180421080267741386049645366174352580722807130202400494053769601202713289146962947859978097107886869270691372411124668070997353179959433678380824906674982800274268310890616828298699736637158300741184921753
127,85379788914252754120089547289072150721354562663958807866468920735639960926801051975472399370654391576369316569703418636905399250333732320438265022346617907464304693087609397794325233926750298798566217727533720701920588064430795809174578535834191726043593171379164450383733013441508225405667427894252943507167
127,55727618162148889316114125933525266306557329303195847830690160885879513833364211164228435049990803148503899545960146725084865196740882227135023963221107819463323207258675619655327285661325230275729131941689786307573193083015588262547111193315775583739689771971407271892479531888340713813169619752622851636316
127,3184322583430999784545084406129988228008043029731028774419797674929907998522298571427771649573496694863515921935120111817957236936284290549037061571092587093171931026045971631817617234657176770269446139261936777118771288547505496939809626060317390593828217449162266508955802429694774954485488336505963802329
127,88177578379270380913426355229683342682265289564968058297328086828751947279324143568095821260703413567530860055480159776647931290303279267586901801942274102235295658597539444518142365188139948071501636669706069943848569122463940810258996194192734442414809847818292145859989037442811122596039921931532890434898
127,34934565315605876558490078243754637954449758952301411535047482233926395252219317762735932711932344932180129962098593899672019222751073221096685719153170813962574490259980026640775263436686377760235529743857812553647038015071234135110217248058537742014667277129282056486664404680264307769634031375657627446647
127,22874749466823274943756209765111863684488111863973135816144001117147317021327595643735004207972918895419986114975314771382422578312194247064912199192889394593643459287742555992668140855062868734761438227534876403171922752308562582950325868841509136735587625509036526905727305916523732550927332693368202082215
127,62093088571082369012949775273430778988330843740129717563592965944769826502815019316490648006866889439794696604584034953453889815945967133870897809929380468444182807239738781820069508190243764830188183046008651389739192877628514883788515927002698876728224689208196678554424525355282357155247675278119097949646
127,50992219418201021696583257413309583586581544377265357215905464111822117011837604750975936963239600455335660956002693888032337560299507446976044641084530039203728684032409679835231180691819247658708131983713349062208336068457113774370985916165173956015636563843977356264712719644125657111495137867856802325557
127,61139476488081591944587986422681947455182362713420514958225252319201620059213499014821315627011703101062273851196269555032023518581663758572768603762551597122421044463939076361839212134278161987160363066996314871171614062682870211665256577105404033553522855307377834702760071629110695416446077346864905515467
127,48495141823199301520994832661558679773056982476266854666128900078823531997068828147102792761487840860919886396404969408752992467833704786014617733236531745312314308404441200747807158362418549784766555462714350699371418435772100097133843059342492343510361081846190208384762419347410201626513504488694358313827
127,43059566514628719581195964038833386599766739846398278460001373856284686689272774946480213841427746993577754492818674923993962159704232339169773122454837654540196387673344175797972025236197622684959509942921754516397832813601125822117228842471943203855209880921982232232739776168729200705877279087666470180841
127,38376812490937465223443863703868307845017315711633414424697384524335803687310756744271081676889176708960559334993823714676713115607873961594878467745271983058139005787332195164815146081732126735510058865930460793755915199293595772696201839917939394540264451229862225456405152335490287621452895058533505076373
127,74467785990125899461258654107578314738213927944836697102396310590776066675916046588123355347877328589615177718836860317353087044839907287178137583417274567376771754151963917488819565101245131927623236277307815389559620952945076790439012490985504354569402434655100988845748179514730178618946203611237996204682
127,3541505824749544964309968868558375065259820983650094873374814496924847407844716887651132397985461669339371416801496326879209867572719215572179825613141523498641483609225032627780470644864116258080560145647764426398454812621077262937828908681641023368229672321787336281202389590098430013637740655643011663603
127,24407600884282522906243791374599227568652258606440165360383913203613628781597207400606707791583829849470173847863140141601877889090780462743080117149642879372955187796544350656048115895831450400135175708719094825895564942905479529268358979959864490485558381995758496409310332012362950033758538020406776768794
13,84700800237468818740165976485692080216282962871288876105407101367248470223130889776515035235554692414308681215674727128748025248054759661422604604967827338312213974991476764936226184575876413810962986865227632868383677068765447620086448123435155202813701952002747534496356192286413623967903599996777592109447
